-1 0
-----------
   0    0    0    0    0    0    0    0    0    0
   0    0    0    0    0    0    0    1    0    0
   1    0    0    0    0    0    0    0    0    0
   0    0    1    0    0    0    1    0    0    0
   0    0    0    0    0    0    1    0    0    0
   0    0    0    0    0    0    0    0    0    0
   0    0    0    0    0    0    0    0    0    0
   0    0    0    0    0    0    0    0    1    0
   0    0    0    0    1    0    1    0    0    0
   0    0    0    0    0    0    0    0    0    0

1 7 4
2 0 3
3 2 4
3 6 6
7 8 4
8 4 4
8 6 3
   0    0    0    0    0    0    0    0    0    0
   0    0    0    0    0    0    0   -4    0    0
  -3    0    0    0    0    0    0    0    0    0
   0    0   -4    0    0    0   -6    0    0    0
   0    0    0    0    0    0   -6    0    0    0
   0    0    0    0    0    0    0    0    0    0
   0    0    0    0    0    0    0    0    0    0
   0    0    0    0    0    0    0    0   -4    0
   0    0    0    0   -4    0   -3    0    0    0
   0    0    0    0    0    0    0    0    0    0

0000 0000 0000 0000 0000 0000 0000 0000 0000 0000
0000 0000 0000 0000 0000 0000 0000 0000 0000 0000
0000 0000 0000 0000 0000 0000 0001 0000 0000 0000
0000 0000 0000 0000 0000 0010 0000 1000 0000 0000
0000 0000 0000 0000 0000 0010 0000 1000 0000 0000
0000 0000 0000 0000 0000 0000 0100 0000 0000 0000
0000 0000 0000 0000 0000 0000 0000 0000 0000 0000
0000 0000 0000 0000 0000 0000 0000 0000 0000 0000
0000 0000 0000 0000 0000 0000 0000 0000 0000 0000
0000 0000 0000 0000 0000 0000 0000 0000 0000 0000

6 6
-----------
   0    0    0    0    0    0    0    1    0    0
   1    0    0    0    0    0    1    1    1    0
   1    1    1    0    0    0    0    1    0    0
   1    1    1    1    0    0    1    0    0    0
   0    0    1    0    0    0    1    0    0    0
   0    0    0    0    0    0    0    0    0    0
   0    0    0    0    0    0    0    0    1    0
   0    0    0    0    1    0    1    1    1    1
   0    0    0    1    1    1    1    1    1    0
   0    0    0    0    1    0    1    0    0    0

0 7 7
1 0 9
3 6 0
6 8 13
   0    0    0    0    0    0    0   -7    0    0
  -9    0    0    0    0    0   -7   -7   -7    0
  -9   -9   -9    0    0    0    0   -7    0    0
  -9   -9   -9   -9    0    0    1    0    0    0
   0    0   -9    0    0    0    1    0    0    0
   0    0    0    0    0    0    0    0    0    0
   0    0    0    0    0    0    0    0  -13    0
   0    0    0    0  -13    0  -13  -13  -13  -13
   0    0    0  -13  -13  -13  -13  -13  -13    0
   0    0    0    0  -13    0  -13    0    0    0

0000 0000 0000 0000 0000 0000 0000 0000 0000 0000
0000 0000 0000 0000 0000 0000 0000 0000 0000 0000
0000 0000 0000 0000 0000 0000 0001 0000 0000 0000
0000 0000 0000 0000 0000 0010 0000 1000 0000 0000
0000 0000 0000 0000 0000 0010 0000 1000 0000 0000
0000 0000 0000 0000 0000 0000 0100 0000 0001 0000
0000 0000 0000 0000 0001 0000 0001 0011 0000 1001
0000 0000 0000 0011 0000 1011 0000 0000 0000 0000
0000 0000 0010 0000 0000 0000 0000 0000 0000 1100
0000 0000 0000 0110 0000 1110 0000 1100 0100 0000


 -10    0    0    0    0    0   -6   -6   -6    0
 -10  -10  -10    0    0   -6   -6   -6   -6   -6
 -10  -10  -10  -10    0    0   -6   -6   -6    0
 -10  -10  -10  -10  -10    0   -6   -6    0    0
 -10  -10  -10  -10    0    0   -6    0    0    0
   0    0  -10    0    0    0    0    0    0    0
   0    0    0    0    0    0    0    0    1    0
   0    0    0    0    1    0    1    1    1    1
   0    0    0    1    1    1    1    1    1    0
   0    0    0    0    1    0    1    0    0    0

0000 1001 0001 0000 0000 0000 0000 0000 0000 0000
0000 0000 0000 1001 0000 0000 0000 0000 0000 0000
0000 0000 0000 0000 1001 0000 0001 0000 0000 0000
0000 0000 0000 0000 0000 1010 0000 1000 0000 0000
0000 0000 0000 0000 1100 0010 0000 1000 0000 0000
0100 0110 0000 1100 0000 0000 0100 0000 0001 0000
0000 0000 0100 0000 0001 0000 0001 0011 0000 1001
0000 0000 0000 0011 0000 1011 0000 0000 0000 0000
0000 0000 0010 0000 0000 0000 0000 0000 0000 1100
0000 0000 0000 0110 0000 1110 0000 1100 0100 0000

  -6    0    0    0    0   -6   -6   -6   -6   -6
  -6   -6   -6    0   -6   -6   -6   -6   -6   -6
  -6   -6   -6   -6    0   -6   -6   -6   -6   -6
  -6   -6   -6   -6   -6   -6   -6   -6   -6    0
  -6   -6   -6   -6    0   -6   -6   -6    0    0
   0    0   -6    0    0    0   -6    0    0    0
   0    0    0    0    0    0    0   -7   -7   -7
   0    0    0   -7   -7   -7   -7   -7   -7   -7
   0    0    0   -7   -7   -7   -7   -7   -7   -7
   0    0    0   -7   -7   -7   -7   -7    0    0

0000 1001 0001 0000 0000 0000 0000 0000 0000 0000
0000 0000 0000 1001 0000 0000 0000 0000 0000 0000
0000 0000 0000 0000 1001 0000 0001 0000 0000 0000
0000 0000 0000 0000 0000 1010 0000 1000 0000 0000
0000 0000 0000 0000 1100 0010 0000 1000 0000 0000
0100 0110 0000 1100 0000 0000 0100 0001 0001 0001
0000 0000 0100 0001 0001 0001 0011 0011 0000 1001
0000 0000 0010 0011 0000 1011 0000 0000 0000 0000
0000 0000 0010 0000 0000 0000 0000 0000 0000 1100
0000 0000 0010 0110 0000 1110 0000 1100 1100 0100

7 59
-----------
   1    1    1    0    1    1    1    1    1    1
   1    1    1    1    1    1    1    1    1    1
   1    1    1    1    1    1    1    1    1    1
   1    1    1    1    1    1    1    1    1    1
   1    1    1    1    1    1    1    1    1    0
   1    1    1    1    0    1    1    1    0    0
   0    0    1    0    0    0    1    1    1    1
   0    0    0    1    1    1    1    1    1    1
   0    0    0    1    1    1    1    1    1    1
   0    0    0    1    1    1    1    1    0    0

0 0 9
  -9   -9   -9    0   -9   -9   -9   -9   -9   -9
  -9   -9   -9   -9   -9   -9   -9   -9   -9   -9
  -9   -9   -9   -9   -9   -9   -9   -9   -9   -9
  -9   -9   -9   -9   -9   -9   -9   -9   -9   -9
  -9   -9   -9   -9   -9   -9   -9   -9   -9    0
  -9   -9   -9   -9    0   -9   -9   -9    0    0
   0    0   -9    0    0    0   -9   -9   -9   -9
   0    0    0   -9   -9   -9   -9   -9   -9   -9
   0    0    0   -9   -9   -9   -9   -9   -9   -9
   0    0    0   -9   -9   -9   -9   -9    0    0

0000 1001 0001 1011 0000 0000 0000 0000 0000 0000
0000 0000 0000 1001 0000 0000 0000 0000 0000 0000
0000 0000 0000 0000 1001 0000 0001 0000 0000 0000
0000 0000 0000 0000 0000 1010 0000 1000 0000 0000
0000 0000 0000 0000 1100 0010 0000 1000 0000 1100
0100 0110 0000 1100 1110 0000 0100 0001 1101 0001
0100 0110 0100 1101 0001 0111 0011 0011 0000 1001
0000 0000 0110 0011 0000 1011 0000 0000 0000 0000
0000 0000 0010 0000 0000 0000 0000 0000 0000 1100
0000 0000 0010 0110 0000 1110 0000 1100 1100 0100

9 88
-----------
   1    1    1    0    1    1    1    1    1    1
   1    1    1    1    1    1    1    1    1    1
   1    1    1    1    1    1    1    1    1    1
   1    1    1    1    1    1    1    1    1    1
   1    1    1    1    1    1    1    1    1    0
   1    1    1    1    0    1    1    1    0    0
   0    0    1    0    0    0    1    1    1    1
   0    0    0    1    1    1    1    1    1    1
   0    0    0    1    1    1    1    1    1    1
   0    0    0    1    1    1    1    1    0    0

0 0 0
